300
42077 43441
76484 4526
71552 63455
78611 82906
33332 53206
62025 21035
7139 94176
95706 37642
54575 33542
94503 2482
27162 57003
25936 36617
94172 97069
31109 48659
50816 99443
94706 2609
49645 83234
9428 75854
47923 53571
77823 13570
2612 89893
28304 2690
38130 88242
5873 74186
80332 96525
52292 86808
98321 2675
1427 45095
9928 94023
26705 68213
10746 59864
14286 38013
53261 88734
79103 83843
27563 40396
18140 73836
85117 73270
66529 24750
46458 88961
99285 53236
58150 15768
11267 90999
85832 57712
59760 31840
29797 8175
16146 30412
86345 68023
81547 66566
59806 12851
40420 34285
44245 1040
59952 70037
95817 69056
24667 54370
80888 23342
98346 84338
79577 32923
33780 47825
85394 88462
8535 11760
13361 21906
14923 2211
94771 42004
11981 24963
5766 91095
33062 66700
59073 58348
50097 72530
91119 81419
31440 83
1930 74262
37603 45642
85807 691
60607 16094
26017 12288
70028 72520
98342 17378
77392 15981
79472 94333
77403 89959
10768 63367
17325 72033
37742 18984
67013 88798
91758 59957
47491 81377
51253 20078
72372 66385
94381 71579
66923 45081
10742 68741
39038 49896
70913 73528
36398 7914
74841 87299
94927 98103
88757 13942
7294 13288
761 19359
25723 61796
9966 15781
42358 25078
41528 92649
35712 90987
91252 97519
5928 21538
80745 87312
23617 50864
46966 22746
65040 61975
66387 28962
34471 52506
75195 62826
1658 81468
54380 26533
96635 69462
13919 80985
24440 56509
58321 30556
67456 27726
56766 44358
68971 50420
23061 44020
89566 98633
54436 77857
70244 25656
29631 53098
37405 66756
35027 74632
52598 18291
36066 30976
12174 92591
32034 72849
31193 37176
40994 7308
64950 70313
56284 26001
33965 12727
63865 15779
522 64244
18365 98883
7712 78286
99431 13239
24621 76610
52626 12518
48428 80428
41654 79265
11874 26966
41346 37664
76713 16563
99280 51003
44529 15128
88629 9755
47383 2643
99351 32704
76900 87511
93059 88500
26865 12250
42445 59075
22623 32739
26941 3627
89441 16984
36814 10172
63429 53552
58557 62262
35468 81515
12011 54233
48366 41172
84635 35595
78813 33320
610 20742
86496 58592
57638 11544
84822 35093
67274 99675
10395 12490
94707 9079
46119 57477
97756 12345
70467 99248
29222 89115
68291 43470
22729 28792
55952 64200
94472 54069
86950 23890
56491 36991
1633 92656
45681 77268
39092 11415
2343 46361
71973 38034
80055 52681
48739 61608
91880 40861
40438 28088
25337 70226
55700 79389
94960 38044
75465 5697
40591 17548
53486 42812
68594 90017
43119 73501
34346 6293
92433 43582
67715 2907
96808 16606
74660 78184
18622 43982
95898 51103
30661 83232
72094 46316
48136 47024
30211 53374
31499 6094
35221 55146
9514 63264
4817 32952
95333 55346
52987 38179
38938 17400
36630 55588
61676 94572
38350 8800
59829 14190
68339 25175
96403 85891
83783 97922
16491 12723
6738 55921
43507 53838
68475 92720
61623 3809
84567 4897
23745 12467
94551 64677
89443 90784
43178 86763
42217 30014
565 93983
69467 28759
38564 15142
76993 86029
38024 23368
26055 54725
48475 79223
2581 12433
13652 46749
44905 59105
20888 42405
39919 27986
77895 82204
74472 17017
10362 55201
27508 47879
50755 41262
83942 56809
44009 37221
77921 59350
78711 50437
53435 59707
64734 61318
97748 19984
56737 1545
23871 48720
96483 89821
56383 73761
9205 54967
57750 56065
48224 14501
46738 80086
84856 41630
70964 44132
78686 3259
62051 61443
11069 49466
93199 95185
72741 95763
58266 79958
99673 72267
84870 54703
29646 46208
87225 46395
5397 16448
29506 69978
31853 56607
12666 44340
72173 12154
48245 85651
2938 27120
85670 53164
57715 1012
35499 13065
95154 11381
6353 52195
15226 74404
96906 58351
87847 44077
54094 93153
